
HD Intrinsics left: {width: [1280], height: [720], 
fx: [707.26831054687500000], 
fy: [707.79595947265625000], 
cx: [648.26263427734375000], 
cy: [340.08001708984375000], 
coeffs: [-0.30095291137695313, 0.08261871337890625, -0.00016784667968750, 0.00038528442382813, 0.00000000000000000], 
p: [698.40002441406250000, 0.00000000000000000, 647.65075683593750000, 0.00000000000000000, 0.00000000000000000, 698.40002441406250000, 341.65490722656250000, 0.00000000000000000, 0.00000000000000000, 0.00000000000000000, 1.00000000000000000, 0.00000000000000000], 
r: [0.99998402595520020, 0.00087869167327881, 0.00556230545043945, -0.00087833404541016, 0.99999952316284180, -0.00004720687866211, -0.00556230545043945, 0.00004231929779053, 0.99998450279235840]}


HD Intrinsics right: {width: [1280], height: [720], fx: [704.98590087890625000], fy: [706.09967041015625000], cx: [649.71893310546875000], cy: [340.40469360351562500], coeffs: [-0.28818130493164063, 0.07058715820312500, -0.00014114379882813, -0.00056838989257813, 0.00000000000000000], p: [698.40002441406250000, 0.00000000000000000, 647.65075683593750000, -79126.67968750000000000, 0.00000000000000000, 698.40002441406250000, 341.65490722656250000, 0.00000000000000000, 0.00000000000000000, 0.00000000000000000, 1.00000000000000000, 0.00000000000000000], r: [0.99998235702514648, 0.00003767013549805, -0.00593125820159912, -0.00003743171691895, 0.99999988079071045, 0.00004494190216064, 0.00593125820159912, -0.00004470348358154, 0.99998235702514648]}
HD Extrinsics left to right: {rotation: [0.99993348121643066, 0.00084137916564941, 0.01149332523345947, -0.00084030628204346, 0.99999964237213135, -0.00009179115295410, -0.01149344444274902, 0.00008213520050049, 0.99993383884429932], translation: [-120.29977416992187500, 0.00000000000000000, 0.00000000000000000]}
